431.92
184.35
432.31
173.06
432.31
166.48
432.31
278.41
265.47
245.35
192.26
161.11
227.26
406.13
229.06
409.80
403.03
339.11
385.44
388.28
370.15
164.34
265.27
228.09
407.75
278.41
306.70
228.60
204.14
385.44
258.49
315.25
313.71
262.20
235.46
235.46
330.86
167.14
389.92
331.91
167.14
278.35
240.30
341.24
165.34
167.14
405.22
206.22
345.70
245.01
388.66
376.81
191.58
391.47
367.58
370.45
395.30
313.71
164.34
408.14
163.94
231.99
247.17
209.38
402.39
347.50
244.99
407.79
411.53
394.92
240.96
332.65
159.06
424.97
232.45
388.98
167.53
354.07
315.25
225.36
235.46
231.52
231.09
182.34
332.05
401.35
263.76
246.55
209.38
244.56
278.35
263.56
380.18
196.44
329.68
345.88
370.45
286.93
349.12
329.68
856.12
1520.22
834.18
1716.65
1295.31
623.72
1443.35
1484.33
818.98
1473.18
726.61
1504.66
1468.21
1572.40
1581.06
1462.51
840.06
726.61
1309.08
735.00
1709.85
1652.80
883.54
1137.45
784.11
1650.22
815.69
753.40
587.47
815.91
1497.17
992.84
1031.72
842.21
1384.88
777.46
1153.49
1419.71
1494.72
889.37
735.62
970.11
1205.66
793.25
988.72
1416.70
1623.84
1554.45
860.55
1497.17
861.12
1544.59
1064.07
1511.15
1441.40
908.70
1234.05
1254.87
785.35
724.99
1327.96
574.90
1206.87
895.46
1490.52
1412.57
774.21
766.20
1654.94
519.68
765.61
914.55
831.48
1204.05
1373.26
1403.75
1524.52
775.11
603.33
829.78
1548.42
1295.08
1045.84
1712.97
1009.60
1139.46
858.72
862.69
872.41
1510.81
1522.72
1293.20
1000.97
583.25
518.61
1225.14
980.58
753.54
756.13
891.05
1882.00
1559.74
1663.82
941.98
1543.01
2008.56
1134.68
979.29
1200.02
1691.40
1538.68
1348.25
1589.98
1014.35
1742.67
1718.52
1601.72
1095.04
1920.53
1532.32
985.31
1414.65
1924.18
1767.86
1690.50
1445.72
1359.59
1796.75
967.93
1658.44
692.82
1536.45
1164.97
1672.06
1058.93
1765.93
1197.71
1709.67
1631.03
1587.05
1009.64
1543.25
769.16
1611.62
1701.93
1804.13
2051.62
1783.36
1633.71
1805.75
1295.69
1259.84
1940.45
1559.74
1890.70
1079.95
1500.97
917.84
1529.89
1205.01
1558.54
1742.24
1849.16
1315.19
1637.92
1751.52
1748.93
1242.11
1431.69
1901.73
1607.21
1788.13
1532.78
1204.50
969.55
984.93
1853.21
1414.90
1603.91
936.21
2005.40
1071.00
1546.47
1948.56
1551.02
1935.24
1835.28
1210.18
1684.49
1171.10
2020.41
1860.24
2085.99
1950.20
1148.81
1527.77
874.61
1833.72
1698.79
1668.97
1401.47
921.16
1345.85
815.67
1387.90
818.35
1028.99
1502.39
1364.67
1500.54
951.29
1221.68
1119.42
1210.03
1190.25
903.38
1001.78
648.63
1141.41
1054.83
1519.00
815.54
825.73
1394.80
1524.10
1094.95
1230.95
1602.89
1135.98
1021.45
570.91
698.24
713.63
1961.81
1290.00
793.77
671.13
642.04
984.53
1083.42
616.60
796.17
1232.89
1389.00
980.29
1144.83
1372.18
632.50
933.28
1119.29
1785.03
1045.03
610.96
1108.63
641.14
721.15
1255.65
1309.11
614.16
712.50
721.43
1141.09
1822.99
1318.73
571.71
1652.43
1551.95
877.65
726.00
1104.99
965.83
1141.51
1378.24
1271.89
1319.61
1089.24
1367.18
626.38
764.03
1287.12
782.90
984.53
1338.97
514.21
1138.86
748.11
1960.64
542.51
777.48
1391.80
655.95
984.53
705.30
1379.04
1788.22
1093.74
1372.07
740.29
1059.37
1668.67
949.75
707.04
906.64
1060.32
754.04
554.83
1022.42
932.26
632.86
1099.63
655.18
1146.38
769.16
979.38
778.66
609.79
1321.71
588.56
1404.62
579.11
1057.31
491.64
833.12
857.60
732.11
857.10
1291.32
810.42
466.06
1405.41
480.83
721.24
1065.54
1050.62
688.09
1556.02
855.25
779.33
815.25
1079.71
1032.37
891.95
632.28
650.19
580.01
1119.31
593.35
909.39
1101.44
697.49
268.57
237.05
317.95
666.42
1149.80
636.12
768.69
776.13
391.99
855.07
819.92
918.33
763.82
731.89
1217.50
607.75
877.03
1163.14
1181.28
249.95
791.92
772.21
1203.99
1093.02
731.01
935.30
1100.20
1145.00
793.35
394.04
638.30
746.39
269.45
290.31
909.80
662.24
1192.01
950.60
727.52
1143.23
572.30
570.38
422.82
807.23
394.55
295.09
1107.65
744.70
936.42
779.72
1023.07
918.36
613.07
303.42
1040.38
299.69
929.47
570.43
921.80
696.26
759.74
741.84
629.54
395.89
283.94
893.43
777.22
1231.56
916.78
424.00
992.55
815.09
1230.55
395.42
644.31
486.29
607.98
740.14
790.97
369.10
616.24
952.60
737.62
612.20
278.01
843.49
991.54
323.92
1142.25
607.38
851.46
1101.14
740.55
439.91
485.37
395.89
1212.33
1131.71
365.20
929.47
1474.29
1185.61
1315.06
1412.93
1185.84
520.40
760.94
811.15
1207.67
1439.82
783.94
1453.69
876.97
658.03
1440.69
712.43
719.40
600.50
994.09
1383.55
609.72
587.59
891.44
1494.31
1306.52
730.88
1466.04
732.06
1267.27
634.66
694.78
1103.75
612.58
609.79
803.08
1461.59
1334.90
922.94
1146.83
1265.53
1487.66
920.99
1020.91
1500.92
803.71
1463.14
1451.33
1252.93
848.46
1376.36
1473.31
808.49
1514.21
1441.40
575.90
1440.69
824.64
585.00
839.97
1476.61
826.66
1209.29
1171.22
1503.77
1434.89
827.84
1145.21
1402.25
1427.68
654.62
1501.11
516.27
1421.81
539.36
842.66
1404.89
1270.93
806.86
1472.43
1034.65
853.44
688.09
817.31
1476.37
881.62
644.55
1489.63
1441.40
819.36
1492.83
527.39
1178.20
691.29
1032.67
991.68
1158.60
645.50
1298.20
1453.49
803.25
1850.01
1948.40
2034.69
1966.41
1835.60
1972.90
1979.46
1937.52
2059.36
1881.09
1902.08
1910.11
1762.28
1897.27
1844.03
1937.43
1814.24
1992.90
1792.45
1861.07
1790.10
1768.87
1962.75
1847.65
2058.05
1877.52
1821.81
2102.61
1757.81
1942.05
1805.33
1918.43
1883.74
1896.68
1995.12
1769.07
1798.56
1945.83
1875.82
1771.30
1851.61
2028.67
1896.68
1837.46
1785.43
1868.36
1822.24
1765.93
2182.32
2108.82
1839.76
1864.19
1866.32
1835.93
1972.90
1828.96
1895.87
2095.72
1885.20
1860.61
1848.88
1826.17
1859.72
1826.72
1863.55
1861.07
1908.57
1835.60
1977.29
1798.56
2143.42
1853.08
1822.24
1897.27
1813.14
2119.15
1800.18
1937.67
1918.69
1837.95
1895.71
1845.80
1893.18
1875.82
1958.52
1922.38
1875.82
1839.46
1891.29
1988.66
1814.51
1864.65
2101.28
1785.27
2015.95
1816.90
1914.49
2080.42
1782.80
1846.50
1378.32
1166.47
893.80
1853.35
1449.29
700.85
1238.39
1332.02
695.64
1159.31
2134.60
1537.67
1828.19
1726.97
1540.69
1953.70
1705.18
1797.33
1759.20
1358.99
1378.47
2139.36
1734.00
1817.08
1444.75
1414.45
1537.82
845.08
1951.94
1502.47
1699.39
1548.88
1811.14
1124.55
1508.00
2057.05
599.44
1870.28
1667.72
420.03
1868.36
2054.60
1091.28
760.71
1336.30
1725.42
1870.84
698.83
1604.81
1473.55
1530.68
1459.80
1222.80
2077.20
1582.07
894.04
1575.35
1928.29
1402.09
1859.70
1291.28
1151.37
678.05
210.98
1350.62
1286.21
1101.67
1910.51
1430.56
847.22
1372.64
1400.01
1378.76
466.06
1498.93
1623.26
1502.08
1626.94
639.43
1618.56
1239.04
944.93
1483.67
1849.54
536.84
1707.36
1486.47
1709.67
975.46
1730.41
2137.17
895.76
1387.64
1348.74
1572.16
1737.62
1771.67
1290.64
1107.07
1221.31
1451.96
1833.28
1614.65
1777.30
1847.66
1806.82
1821.05
1808.37
1342.22
1742.24
1316.89
1248.37
1269.57
1458.14
1419.40
1384.21
1652.81
1434.79
1347.50
1642.06
874.57
1557.72
1786.41
1120.72
1266.33
2148.66
1239.23
1605.15
1574.92
1866.19
448.58
1448.90
1371.26
1053.29
591.61
1475.99
1103.72
1161.01
1749.53
1236.20
703.12
1327.92
748.07
1825.65
1026.11
1890.71
1918.29
1118.35
801.96
1753.33
1660.36
1591.68
1948.52
2157.02
1508.87
765.61
1537.81
660.93
1189.27
1863.71
1871.17
911.60
612.83
1367.19
1636.94
1126.64
778.09
1656.15
1588.06
2043.69
1835.33
1882.93
1023.83
1885.41
1406.96
1430.26
1727.86
1939.27
1663.76
1701.76
1002.66
1800.56
1909.76
1569.58
1613.65
1439.51
605.83
1015.14
777.25
1488.18
1953.47
1928.92
1374.66
1461.56
1164.93
1497.14
1773.17
1787.90
1293.25
1675.36
1530.00
1383.11
1860.91
1527.75
1033.50
1633.96
1379.84
1500.92
1599.97
1953.47
1491.92
1603.97
1735.85
1503.11
1668.97
2146.14
1783.28
2060.95
1511.54
1041.90
1150.27
2100.75
1896.32
1868.36
1370.19
1664.03
867.43
543.80
1399.71
1665.38
1243.25
1068.18
1136.77
1801.47
1932.41
1649.97
1695.71
1953.70
2029.44
1802.52
1580.28
1587.04
1856.96
1493.84
1976.59
1526.11
1283.77
1868.06
1745.16
1846.71
696.33
781.91
1924.18
1613.40
1703.97
2075.53
1527.90
1896.43
1607.80
1978.64
1233.53
1800.53
766.87
1557.56
1656.22
1722.91
1279.75
1542.48
926.01
1885.06
1674.45
721.98
1552.65
1771.31
804.27
1251.73
1677.86
1836.90
1756.71
1443.35
1120.21
1011.65
920.85
1472.00
1464.14
826.66
1794.51
1070.24
1106.41
1767.69
1565.05
1044.84
1791.65
1286.35
1203.93
1534.65
611.93
1316.69
1237.13
1715.68
722.85
1244.41
1003.71
1892.63
1441.31
1511.40
1745.41
1713.20
796.09
1889.45
1738.39
1149.21
1268.64
1635.97
1584.53
1188.50
1701.93
1754.58
1659.06
1623.84
1486.83
1755.28
719.68
1366.36
1356.88
1644.44
1303.94
1634.10
1773.77
975.84
1518.24
1263.42
1818.23
1652.63
1384.93
616.24
1227.18
1944.80
1638.31
956.62
1793.39
1467.51
1196.81
1762.26
1545.46
1427.36
527.12
1175.00
1832.33
1638.36
948.84
974.94
1802.01
1140.42
1276.23
1723.31
1626.13
1466.04
880.97
1851.93
1681.67
1755.28
1803.44
1476.74
1577.11
1603.21
1868.28
767.13
1704.17
1644.51
1529.26
1388.51
1800.56
761.56
1669.78
1444.29
1847.20
1953.14
1544.98
1620.10
1453.21
1836.90
1687.00
952.02
924.81
1262.44
1314.34
1464.73
1776.43
2078.03
1504.63
1259.16
1289.96
1187.44
1520.53
1124.80
1979.68
1714.82
1769.86
1272.44
1677.10
1676.27
286.16
2089.62
1400.01
1723.99
1628.37
1783.78
1821.45
884.92
619.08
1192.19
688.09
1724.32
1762.57
1916.03
467.30
1403.20
1718.87
1518.35
1621.57
1471.29
1144.38
1752.64
1148.81
1628.48
1728.01
1530.18
1952.70
1715.20
719.93
1652.84
614.20
1615.93
1815.35
1753.97
834.18
1488.15
1200.89
979.73
1659.05
769.31
1677.72
1642.29
1636.52
1954.13
1832.67
1520.86
1158.58
1124.44
1701.24
1320.26
1616.37
1358.91
744.99
1162.57
1237.42
954.19
1793.39
1341.80
2036.56
508.58
1791.97
1482.55
1847.27
1654.04
335.10
733.63
1738.48
668.67
1068.18
1523.10
1509.01
1717.15
1366.75
1761.35
1363.14
1756.11
843.24
1502.01
1459.79
1157.55
1530.18
1642.85
1596.19
497.34
1241.82
815.92
1407.79
1563.20
1064.88
1178.57
870.03
1090.79
1097.34
1529.15
1901.38
1974.00
1897.27
1401.65
1947.31
1806.82
1034.31
1250.48
812.65
1092.79
1513.16
1249.75
1820.99
1828.47
1513.16
825.08
1568.45
1218.09
1684.59
1699.78
1943.90
1276.15
1787.19
834.18
1538.25
1274.70
1046.53
1721.64
1402.67
1633.22
1802.96
892.85
1256.17
1563.63
725.37
1607.93
1381.44
864.07
1891.35
1481.01
2160.83
1208.65
489.35
1061.12
1550.01
1832.59
1792.79
1714.37
1358.59
1312.21
1663.76
1653.17
1409.31
1485.17
1890.50
1400.01
1613.79
1428.62
1687.93
1833.55
1815.13
1826.95
1288.00
1089.61
1171.23
1430.72
1552.65
999.54
1857.60
1621.02
841.80
1541.87
1945.28
1494.29
1139.61
1039.09
1505.68
1259.70
733.06
1373.23
901.55
1427.92
1226.61
1283.32
1640.78
977.71
1360.66
1207.43
1223.92
1517.07
1710.67
785.35
1716.55
1187.15
523.99
1359.58
955.06
1440.48
1067.03
1636.52
1196.16
1439.06
1269.79
1765.11
1258.55
1582.18
1193.75
1655.70
1929.04
2113.26
1677.10
1267.28
667.99
1749.00
1515.50
1502.04
1381.21
1613.40
1851.06
1532.81
1499.80
1507.81
1084.55
2041.72
1853.35
1881.12
1117.44
1392.31
1511.99
1638.03
1454.80
729.30
1821.05
1468.84
1737.37
1413.06
1012.42
1713.75
1788.91
1190.02
1878.12
1511.67
1603.66
713.17
1494.20
2105.56
1438.62
1559.31
1883.58
1707.63
1504.57
1802.67
1507.75
1537.67
1501.62
1529.78
1567.16
2110.81
919.87
781.72
1838.65
1479.51
1190.15
435.78
1369.78
811.55
979.43
1759.62
962.30
1511.18
1740.93
1748.50
1396.50
1901.43
1499.32
1194.40
1529.60
1845.07
1503.00
1659.35
1591.22
1332.13
1000.65
1571.53
1528.05
1198.00
1485.40
1706.56
1611.70
1260.13
1668.39
1490.19
1600.10
1760.10
1177.00
1956.81
1511.11
1795.19
884.52
1950.63
1702.47
1963.44
1269.82
1071.65
1938.85
1753.81
1499.40
934.36
1360.12
1836.90
1578.13
1635.84
1359.35
397.55
1660.10
1046.62
1407.23
1238.26
2152.23
1296.60
1432.65
1669.50
979.61
721.60
1374.35
1473.27
1432.37
1557.19
966.35
1063.36
1492.09
1479.37
1453.87
1472.81
1769.20
1570.98
1183.57
1014.65
1536.93
1729.49
1619.74
1391.50
1499.92
669.53
1543.45
1084.89
879.23
1342.72
1571.42
1591.31
1828.96
1239.92
1701.59
968.26
1635.51
1817.87
1141.36
1942.81
1193.54
1904.07
706.32
615.47
1512.62
1013.99
1799.02
1265.41
1815.13
1631.81
1466.55
1649.98
1196.39
850.09
1791.55
1735.23
574.43
1190.34
824.94
1096.83
907.36
1493.35
1467.40
1538.92
1992.48
724.16
861.64
591.43
1460.29
1086.64
1528.74
997.30
2134.56
1580.17
475.20
1521.25
1271.35
699.68
1197.02
1503.53
854.27
1802.96
1781.20
1700.80
855.82
523.35
1464.62
903.28
1515.44
1512.93
1172.38
1663.16
410.01
625.83
1702.38
1739.72
761.70
902.77
1132.66
1480.58
1451.97
1429.31
1745.74
299.09
1311.86
864.26
1520.93
1658.07
1802.52
1686.84
1464.81
1893.99
1420.92
1952.33
1226.70
1620.97
1008.42
1481.26
1373.17
862.60
1599.70
1651.43
1611.41
1690.49
1556.87
1657.74
1472.80
1240.62
1347.00
1222.30
859.54
1748.44
1678.33
1488.95
1500.39
2071.92
1847.92
1752.82
425.09
1148.87
1257.51
2016.97
1519.53
958.28
1503.25
957.20
1906.53
1709.36
2148.66
1631.31
1441.40
873.92
2060.82
1711.60
523.39
1345.22
880.59
1371.26
1556.67
1491.66
1489.43
1710.20
1480.77
1912.52
1060.55
1177.47
1477.15
1605.51
749.34
1545.63
1511.05
1089.33
693.94
890.08
1372.98
1145.88
1613.19
988.94
1784.83
1701.93
660.37
1568.17
1492.27
1394.77
1360.76
1308.17
1779.30
1498.25
1912.41
2098.79
1925.84
1656.49
1406.62
903.28
1480.57
1445.09
1728.76
1747.80
547.13
1803.49
1904.69
1835.33
1715.12
1315.17
1376.38
1138.60
1214.38
1751.52
699.88
368.97
1043.18
568.40
1302.04
997.26
936.76
722.82
939.90
1673.59
1403.64
628.54
1014.01
1943.97
902.14
1759.36
1802.67
1516.07
1691.10
435.78
1481.16
1491.96
973.47
1267.29
1428.70
1215.18
1946.37
1405.24
1528.78
693.95
2046.69
1283.40
1981.49
1161.50
1437.57
1303.71
1602.50
770.71
1414.35
402.79
1411.47
1689.22
1860.27
545.08
1749.53
648.17
1070.85
1041.90
1222.74
1679.42
1464.40
1573.43
1616.33
909.52
659.06
1260.54
1848.71
1773.77
1197.94
1965.31
1872.64
1678.16
968.25
1551.97
1452.03
824.40
1620.10
1100.64
1777.19
1349.08
1452.88
1658.00
1543.22
1443.07
1681.71
1709.14
1635.08
1483.98
1241.39
1552.58
1779.46
1126.12
1707.58
1205.93
910.57
1709.67
1584.29
1940.70
1020.41
1244.57
989.62
1075.72
1798.91
1267.94
1955.28
522.65
1326.74
1489.55
1228.07
1496.38
1757.81
1907.54
1557.69
1265.99
1300.27
1721.48
1980.42
510.35
1882.91
811.04
1116.72
1748.71
971.31
1469.05
723.41
1836.01
1500.97
1947.34
1947.82
1260.52
1633.35
1525.95
1949.48
1655.96
1479.60
912.14
842.96
1622.72
922.36
1734.00
1299.18
1355.86
2135.31
1622.20
1606.31
1581.12
1234.84
1777.30
1750.65
1910.61
604.17
1006.92
1096.07
1506.02
1833.28
1726.76
1519.12
1839.15
1681.11
1478.11
1552.91
1748.61
1510.68
1938.92
1009.01
1390.80
923.98
1722.03
1701.93
1716.77
618.54
1307.82
795.19
1238.76
1273.39
1267.19
576.48
1422.77
1428.72
1647.84
1163.71
642.70
1118.00
1638.70
661.43
702.81
1673.35
1762.69
1236.00
1716.83
1651.03
1738.15
1577.95
1674.45
1647.21
1328.61
1802.52
1582.95
1301.17
768.94
1258.55
1073.78
1554.53
560.84
1532.81
1917.51
1759.72
1382.99
1484.46
928.34
1742.60
2097.10
1421.77
1121.46
1808.19
1224.95
1376.94
1476.47
1587.33
957.71
1164.54
1836.01
1917.77
1876.59
1488.60
1604.91
1778.51
1652.55
1947.34
1723.01
1613.04
1716.21
1325.73
1807.43
1233.00
1533.23
1328.98
1539.56
1508.45
1455.84
858.76
718.49
1737.62
1631.84
1233.51
1129.38
1196.35
1541.08
1263.52
590.10
642.22
1582.25
1715.60
1504.84
1498.70
1948.40
1881.74
2016.39
1209.43
1552.46
984.36
1164.39
1008.00
1820.07
646.89
1686.50
1132.51
1700.46
1833.27
1197.14
1636.94
986.82
1508.13
1743.36
448.55
1425.59
1216.24
1438.58
1347.43
1551.70
739.30
1420.79
1591.17
233.83
765.53
1966.00
1562.03
878.48
1220.77
1804.91
601.60
672.09
1974.34
1713.26
1707.09
1801.47
1896.43
1301.18
1579.81
1282.32
1798.91
1710.96
1607.82
1645.52
1971.82
600.14
1753.33
1406.70
1558.43
1526.97
765.09
1250.85
1550.15
1503.32
819.75
1425.29
1874.40
1512.18
893.56
1520.83
1362.29
1575.18
1859.94
1881.67
592.60
263.42
860.33
1686.67
1745.10
1828.96
1601.03
1585.78
1802.16
1716.84
1768.34
623.03
1852.83
1858.39
1552.15
1743.42
1948.69
1434.89
1899.15
1472.65
1240.26
1450.21
1006.87
1618.34
1536.26
1779.30
1247.70
1579.69
283.88
1905.21
1425.59
1433.71
556.71
847.76
1760.28
1636.82
1772.49
1008.18
1855.24
1446.01
848.47
1893.01
1226.21
933.26
644.44
1224.84
1912.31
1878.48
1418.92
605.76
1291.23
1123.53
1008.43
1704.17
1241.91
1302.69
1308.82
1551.72
1541.26
1816.33
860.11
1412.16
1837.96
1658.63
415.98
1898.45
1489.61
2158.11
1774.45
872.92
1209.88
601.07
1717.56
1684.49
839.75
1152.21
1711.30
589.98
1169.18
842.21
1692.44
1537.67
2100.69
940.25
1223.10
1231.77
1573.77
1943.32
705.30
1891.73
1293.13
1505.20
820.15
1636.92
1500.92
1848.71
1763.86
712.94
1583.92
1168.82
1822.11
1326.81
1627.92
1722.39
764.00
1131.81
1190.86
929.16
1473.27
1486.95
1695.67
1480.20
1372.87
1477.18
1268.86
1387.50
1446.81
1996.42
1005.49
1866.19
1583.11
1684.49
1507.87
1085.59
1465.47
1946.68
1716.72
842.96
1598.39
1474.43
1987.06
1657.19
1765.83
1748.96
1446.41
1509.11
1618.92
1774.44
1110.42
1514.21
860.70
1728.49
1797.64
464.70
1638.03
1874.37
1866.27
1430.42
1419.33
789.36
1149.70
1822.15
1154.02
1735.68
1221.70
779.74
1459.79
1608.91
1417.40
1756.94
1191.81
490.91
996.66
1761.72
2016.47
1798.42
1618.54
1935.45
1329.40
1519.85
1819.40
1659.41
1341.91
1516.26
1450.26
1656.34
983.36
1682.50
1529.01
1191.55
979.05
711.19
1798.07
1280.99
1447.48
950.91
1098.35
1462.46
1578.02
1218.92
1301.63
1730.51
787.63
1882.36
1042.08
787.88
1701.93
1072.92
1694.67
1877.93
1045.87
1786.91
1888.11
1894.39
828.50
392.72
916.42
1534.04
1753.33
605.30
1808.27
1832.33
1317.69
1640.19
872.26
664.83
1718.87
757.60
241.45
1283.24
1791.39
1607.06
1635.08
1908.57
1714.02
2016.61
1650.51
1428.93
1270.41
1722.39
894.95
1479.73
1482.52
1784.71
1209.18
1690.82
1174.95
1602.89
1534.26
1477.50
1392.48
1231.76
1759.17
1067.67
1753.33
2130.49
769.50
1802.01
206.93
1916.41
1297.73
1689.18
1703.97
1027.49
1762.42
1960.34
1568.27
1594.97
611.94
1501.28
1766.62
1524.51
1434.13
1767.88
1152.50
1927.47
1616.57
1183.95
265.89
1871.22
547.77
468.40
1203.10
912.25
1777.19
1786.41
1454.16
1799.11
1542.50
1491.80
1579.63
1168.02
789.42
1705.37
1234.80
1530.18
1426.79
1480.56
1729.73
1658.03
1524.08
711.18
1536.63
1426.56
1763.71
987.66
740.94
1201.33
1247.46
1338.63
1038.85
1654.37
1554.93
1748.58
810.67
1817.08
808.32
1998.15
1874.10
1456.58
1218.84
1498.86
843.76
1885.61
1326.08
863.86
1640.49
879.00
834.57
698.64
911.55
489.35
1875.64
1860.91
1627.77
1316.24
1299.94
552.68
1580.20
1712.36
1165.52
410.65
1566.64
1595.74
544.79
1368.53
773.86
919.07
1223.72
2016.81
929.16
432.97
1247.94
1848.34
1561.38
1802.01
1869.86
1329.32
1636.72
1872.76
1255.47
920.72
1047.60
1705.74
1306.10
1623.92
975.13
1518.26
2107.93
1672.48
1136.25
1868.72
1950.19
1381.59
1698.59
1449.72
1016.56
1833.21
1390.08
1245.41
1529.06
1773.31
1481.01
496.52
1504.08
811.25
886.97
189.02
1700.65
1856.54
1769.10
1230.87
1301.90
1719.16
1847.65
1621.75
1305.51
1471.99
728.71
1798.91
1864.68
1073.22
1781.06
1286.34
1717.81
1871.54
1642.26
654.79
934.61
1530.43
1844.68
1562.26
1223.13
1541.06
1351.42
1266.30
1807.55
1562.03
1828.96
1581.12
883.77
1815.26
1417.61
1659.35
1009.18
1557.19
1170.33
900.21
1500.80
1676.03
1558.16
1543.30
1898.13
1158.84
838.00
968.89
1773.31
1697.95
1704.44
1371.93
1302.73
1362.23
669.85
2057.33
1170.94
1966.38
1052.39
1628.29
637.80
1414.03
1262.94
1054.79
402.70
1679.42
1747.92
697.47
1141.79
2055.10
1831.48
1168.42
1821.51
1514.43
1544.57
1723.99
1493.07
2170.83
1013.56
647.91
1952.55
1585.90
1581.67
1890.34
2128.54
1524.51
1676.08
1635.76
1406.88
1223.95
1280.50
1268.53
1646.69
1494.59
2004.79
1545.11
1606.26
1641.49
1661.16
1249.77
1833.87
1041.06
1422.87
1425.83
1643.44
2010.27
615.47
976.70
1432.93
2014.79
1813.14
1145.58
1918.69
1683.20
1642.03
1885.59
938.59
856.97
1781.90
267.81
1852.43
1934.40
1848.34
1765.11
1316.98
1524.41
1507.95
1797.25
307.98
1664.65
1247.50
1178.83
1871.49
1334.15
1260.54
1442.08
1658.03
1696.25
1502.99
1564.75
1496.65
1826.31
905.44
1332.59
1091.85
1180.19
648.83
745.47
813.65
1603.33
563.31
1563.24
877.77
1483.11
1861.07
1893.15
1555.63
1904.41
1503.04
1355.92
1702.74
1860.91
1151.75
497.20
1226.05
1859.49
1636.74
1885.20
1876.59
707.80
412.28
1762.23
1121.99
1820.07
920.88
1842.79
1028.12
1651.50
1157.57
1110.80
1349.18
1485.11
1850.45
1183.03
1946.24
1550.01
1588.52
1663.93
1669.34
1872.64
1728.62
1557.65
1376.36
2084.39
1152.65
797.61
1554.94
1228.32
1638.58
879.99
1297.83
1198.63
1638.31
1637.58
2034.22
1282.81
1471.84
1610.36
527.39
1667.72
1604.28
1836.26
1874.40
611.95
654.95
1657.19
1809.14
1237.82
1840.86
818.85
1224.56
1396.86
750.74
2152.65
1459.98
1074.31
1817.08
1883.25
1519.50
971.04
671.84
1446.36
1564.36
1797.18
1519.54
1720.58
1628.94
1247.60
1822.11
1641.72
1424.24
1901.43
241.24
1728.97
1329.29
1698.72
593.35
758.87
1918.53
1874.91
1165.42
947.84
1552.24
1870.50
1684.43
1267.79
1641.00
1663.76
1198.30
1613.92
1665.43
1496.27
1247.21
1279.92
842.03
1753.33
2013.07
1673.59
1874.10
2097.85
1820.68
1514.46
1671.59
668.03
867.43
1530.09
819.82
1493.07
1468.51
1877.47
1141.44
1695.71
1640.05
1613.79
1685.85
1507.10
1805.78
553.74
1022.79
687.55
1427.62
767.08
1852.18
1730.84
2125.98
1631.41
1289.08
1080.29
444.00
968.24
1710.67
1492.05
1651.91
1003.20
933.52
1395.63
1287.22
1616.07
869.28
769.29
1546.18
1508.45
1917.26
892.31
1164.39
546.16
702.25
1692.47
1434.50
1802.52
1513.32
1653.26
1542.25
1833.28
1831.81
1105.12
1908.65
1514.83
1631.91
1000.30
1472.05
1766.18
398.31
1883.95
1822.11
1091.10
1504.58
995.31
1747.79
1191.50
1459.27
1485.19
1553.92
722.82
1713.07
1688.68
1635.37
880.77
880.27
1830.70
628.19
1749.00
1895.71
1029.31
1474.85
1956.70
1505.05
965.06
1785.78
1038.94
1230.75
1440.63
1813.06
1018.35
1316.12
1955.28
1557.87
1220.61
1676.06
1645.97
1340.53
1135.01
1499.33
1157.89
747.24
1217.27
1423.36
399.94
1628.37
412.10
1525.99
1262.78
1719.06
1731.39
1838.38
1458.95
1592.07
421.55
955.52
1536.24
1870.67
1055.11
1674.67
1870.91
1580.41
1448.23
1525.43
1191.75
1558.06
501.23
2151.63
1436.69
983.29
788.79
690.82
1833.33
1430.02
1465.06
1916.49
1790.14
1339.63
1611.67
1563.38
1048.24
1905.27
1630.64
1621.59
1665.68
1519.12
1959.93
1501.35
1704.63
1008.32
753.81
1727.21
1761.78
1432.88
971.25
1974.07
1426.34
1786.08
1659.05
1631.81
1486.30
1186.49
1550.38
1336.30
1892.63
1194.74
1768.42
1661.40
1638.73
2134.60
1363.37
1427.92
1606.87
1586.61
1475.54
864.17
984.37
1678.14
1453.21
1815.96
1638.63
1290.74
917.89
1160.81
1144.56
1872.64
1579.43
1246.79
1805.82
1432.88
1693.15
2072.21
1891.73
1593.69
1679.39
1652.35
1178.83
492.05
1643.37
2057.05
1811.48
1809.09
2138.75
1728.62
1818.67
1193.45
981.50
1285.75
1745.32
1636.94
1640.76
1199.96
1659.35
1620.36
925.85
1827.69
1420.92
1936.76
2039.46
1247.33
922.12
1556.87
1847.64
1798.64
1680.07
1139.42
1947.82
1842.18
1821.45
1060.55
1639.37
1917.41
338.09
658.40
1369.90
849.65
1270.29
1219.49
1753.95
1080.88
1226.77
975.28
1263.57
1706.82
1677.12
1321.27
1161.92
1680.07
1660.14
1526.70
885.94
1952.59
1541.08
1512.10
1288.95
1509.09
1761.67
1302.90
1125.33
397.55
863.52
1572.81
933.51
1438.14
1520.09
1587.05
2113.89
1899.15
1743.63
1656.53
1722.84
1438.99
1902.25
1502.59
1643.58
1820.94
1947.63
1540.02
1749.53
1616.37
1613.82
1798.91
910.06
1250.16
2021.16
2067.43
1530.99
946.38
1701.93
1955.28
1506.15
1654.84
1597.03
1943.40
990.88
1737.17
609.01
1217.12
1613.79
767.20
1492.88
1635.30
1903.94
1768.84
1710.20
1273.11
1096.83
1358.15
1872.33
1806.82
1551.39
1714.82
1368.24
947.29
1660.10
1298.45
1601.29
1231.07
1528.82
1810.65
1940.14
1967.57
1501.49
867.56
1860.91
1210.18
1660.10
1360.19
1691.10
1267.95
976.65
1194.70
1657.12
1447.56
1618.31
1108.80
1687.93
1677.09
1811.92
1955.28
1662.73
526.36
1360.48
1133.93
1407.18
2171.46
826.66
1642.56
1802.01
1153.29
1341.58
1814.59
1777.54
1648.21
1658.07
625.83
776.33
1260.54
1608.06
1566.93
1587.04
1649.71
1633.90
1499.26
1631.91
825.08
1663.16
1833.28
1919.75
1901.73
1769.02
1498.36
911.07
958.80
1692.11
891.90
1473.48
1504.09
1667.59
920.12
1690.45
1939.99
1005.54
1767.20
976.61
933.13
1743.46
1316.64
1765.20
1872.11
1618.30
872.80
1486.39
912.68
1413.29
1606.93
1077.06
1676.78
1499.76
1001.59
881.13
1506.12
1052.06
1859.62
1270.36
1241.18
1702.25
1450.08
815.14
1181.00
1551.23
910.20
668.76
659.14
524.52
1373.65
1784.10
692.53
1593.69
1593.07
1632.98
1561.32
1760.67
1878.12
835.94
1444.92
2136.81
1568.39
1657.43
1347.11
1296.79
1696.55
1363.34
1229.17
980.52
1566.44
1718.87
1444.57
1228.80
1682.20
738.46
1108.97
959.35
1668.10
1037.57
1404.72
846.58
888.89
1433.00
966.55
917.53
521.42
1832.46
980.83
822.52
1860.97
797.06
1991.56
1380.49
1630.48
1856.29
1414.34
850.97
1820.75
1843.68
1814.70
705.30
975.14
974.29
1605.33
723.41
1449.72
1673.80
1505.11
1865.83
1070.82
1059.33
1687.83
1568.19
1937.53
1896.87
1495.51
1679.42
1708.18
706.22
1589.71
1164.44
1738.81
1017.97
299.79
863.34
1301.62
1753.33
1846.71
997.86
1489.68
1327.98
843.32
1404.05
1675.21
1515.39
1631.79
1835.99
953.37
1630.26
859.10
1791.90
1233.91
1255.80
1094.52
1973.64
1358.92
1296.60
1918.58
1644.03
1220.75
1860.18
1653.02
1537.01
1976.20
1724.93
1241.19
1516.45
1352.19
1657.19
1245.05
1679.45
1119.18
1623.97
1677.10
1860.81
1759.00
2177.37
2076.16
719.40
1504.59
1895.54
1513.66
739.89
792.16
1165.84
2057.05
1372.48
1422.82
1767.88
780.12
1647.71
1618.31
1771.24
498.69
1055.05
1683.18
1750.11
985.79
1142.26
1934.40
1773.31
1716.92
1705.43
1315.21
609.06
1914.77
1422.09
1259.98
2143.53
1455.12
1769.54
1271.73
1675.11
1725.63
1877.52
1801.55
1037.51
1628.27
1287.22
1494.07
1865.83
1427.81
1749.00
1343.11
1799.10
834.18
716.35
1127.88
1432.88
1753.95
1182.94
1822.11
1325.24
1471.99
1521.85
1382.32
1440.09
1188.38
1950.08
1845.02
1293.46
889.79
992.24
1510.63
2094.68
740.25
1816.62
1402.32
2113.89
1462.98
1961.20
665.54
1594.97
1391.49
1068.90
1521.85
1176.12
882.16
1585.61
1197.90
1730.41
1537.29
1421.84
1678.14
1487.59
1511.15
1367.34
2160.61
1515.49
1416.35
1137.37
1263.34
1857.30
1580.83
1581.06
819.51
1449.36
1835.97
1648.54
1840.80
2035.70
893.35
1478.70
1788.26
1640.05
869.30
1880.64
623.74
1576.86
1623.02
1523.10
1250.40
808.81
1175.36
1703.85
1133.34
1584.27
1753.33
1554.95
1738.57
1277.07
1835.99
1618.96
1674.67
1737.96
499.28
1311.65
1090.93
1763.63
1799.11
463.13
1317.25
1332.67
1726.25
1919.75
1267.07
1837.96
1849.85
1069.50
1578.13
1893.70
1592.81
1609.49
1458.31
1149.77
1850.14
1471.02
1267.79
1423.10
1757.70
1406.22
674.69
1335.21
1868.20
909.93
1452.15
1635.51
1293.40
1482.36
886.12
759.35
1708.88
1657.45
972.57
1101.67
1882.36
1551.81
1802.67
632.00
1543.14
814.36
1255.39
1401.99
853.68
934.66
1483.99
680.11
1817.08
1325.73
1300.22
1912.00
1336.09
1482.87
1518.07
1368.37
1399.40
1293.98
986.17
1587.33
863.46
706.36
878.37
544.79
2096.82
1736.14
1301.64
973.67
459.67
1248.21
1423.36
1404.00
1411.14
2118.96
1228.70
1369.90
1506.99
1793.39
1783.28
1696.99
1709.67
1423.01
1770.48
1934.65
1491.33
1633.93
1620.16
751.03
1720.86
1324.49
1132.79
1825.82
1976.59
1888.54
1257.39
1655.02
887.59
858.36
1886.45
1264.32
1704.94
417.01
1396.01
1754.32
1014.65
1586.20
1689.84
1870.91
269.58
1331.70
2073.52
1949.03
909.80
1323.25
1632.47
1866.19
1688.26
1942.44
1381.22
1514.92
791.92
1507.84
1095.23
749.56
1456.77
273.33
1883.86
671.58
688.72
1605.64
1317.65
2145.46
1361.67
1929.10
1951.12
918.51
1944.80
1639.65
2001.88
720.72
678.27
1675.57
1704.46
1606.31
598.52
1688.85
2145.56
1162.57
1166.02
769.21
1718.52
1853.35
1702.74
2057.05
1642.56
1534.41
591.43
1164.30
1741.14
1976.20
1711.14
1798.91
812.73
1645.71
1467.40
1931.92
1340.09
1376.74
1632.84
1647.67
799.69
1823.86
1292.60
1550.20
1800.35
1366.66
1267.29
1471.74
1949.48
745.70
867.41
1945.66
1777.64
540.93
1601.03
1530.79
1513.19
1854.07
1814.59
1352.03
923.93
1691.40
1511.71
1633.96
934.76
1488.93
869.28
1478.18
1363.21
1563.44
1860.02
1686.84
963.63
1670.46
1618.40
1237.13
1375.80
1814.59
1766.00
1638.65
1774.78
1530.50
1946.68
1675.36
1842.75
1857.30
1240.93
1261.77
1567.43
1276.38
1703.15
1693.27
1860.91
1506.22
1609.14
1887.22
576.21
1302.22
754.02
1716.77
1530.64
1657.71
1435.55
678.62
1372.78
1203.27
1472.51
1262.18
1780.06
1877.09
1270.27
1881.09
703.08
1610.36
893.79
1513.62
1190.73
1179.86
1686.16
1424.79
1181.61
634.42
1465.51
1450.26
1480.89
1797.33
1706.43
1592.46
1792.79
1725.97
1514.33
1500.78
1406.84
1242.11
1493.73
1990.55
1115.59
999.50
1983.80
744.12
1762.26
1587.64
1487.11
1363.83
1744.65
1017.03
1851.57
1777.75
864.54
1753.99
1105.40
718.67
1261.95
938.78
1798.91
1857.78
1536.26
1480.29
1678.91
273.84
1679.86
1193.37
1036.66
1717.25
1016.67
742.04
1749.95
956.78
1352.10
1691.66
701.18
1519.86
721.60
720.08
1481.76
1855.36
1121.75
1635.37
1556.37
1122.04
1910.56
1659.09
1651.69
1623.25
1473.25
1597.63
718.60
1703.72
1842.75
810.35
766.46
888.65
1742.24
1815.13
1245.47
1952.55
1246.91
1157.57
1913.55
1375.94
1946.68
744.39
1417.23
1518.46
917.58
1868.06
1296.51
1164.83
1745.32
1281.67
925.13
1803.96
1999.57
1581.12
1678.34
1106.43
1181.31
1350.11
1647.98
1276.58
1946.68
1635.43
1349.18
1212.84
847.59
1781.76
1703.80
1280.03
1438.14
1872.64
2111.61
777.36
1771.30
1684.70
817.77
223.36
1540.24
1316.08
1301.96
1078.28
934.02
1659.14
1709.13
1473.32
1695.97
1590.38
1447.01
1009.86
1608.17
1040.31
1290.39
1446.29
1137.62
1090.50
770.71
973.10
1786.67
2075.10
1762.69
1851.25
1191.36
1664.62
1663.92
1246.88
1357.91
1884.03
1273.65
1711.77
1698.41
1957.53
1525.15
1407.11
1488.16
1918.69
977.84
850.15
1411.44
1551.70
1023.83
965.90
1283.27
1202.21
1794.04
1443.98
1355.75
1803.27
1534.83
1633.84
428.10
402.67
1932.84
1727.90
988.51
1830.31
822.95
924.84
704.79
1675.57
1208.12
2074.32
868.43
1517.23
1440.90
759.58
1929.27
1170.87
634.46
1279.21
1749.02
1659.91
1290.64
1916.49
1416.04
648.20
1812.53
2075.42
1424.73
2007.04
1278.53
2140.24
1206.11
1763.48
1007.51
1447.82
876.24
1064.58
1631.64
1527.73
1357.72
1590.64
656.22
812.65
1533.45
1241.66
1912.03
1892.33
1567.71
766.13
1314.05
1043.40
836.23
1643.44
1033.67
1455.84
1211.99
1437.56
1452.39
1722.03
921.51
927.11
1780.09
1351.37
1949.63
927.28
865.60
1826.34
973.10
1290.62
1696.56
1523.74
1248.13
187.64
1814.59
1269.14
1962.50
1421.76
1517.88
1255.85
1950.18
1755.37
1699.39
1639.50
1740.06
772.01
1870.56
1506.64
1487.60
1785.27
1775.73
1441.41
1349.13
1782.22
1788.26
1235.68
1745.32
1348.18
888.30
879.02
1411.02
1950.57
1205.92
780.84
1634.19
820.72
1636.82
1229.58
1242.22
1541.95
1536.07
1545.49
959.10
1753.03
979.92
1170.69
1109.63
1501.86
1560.52
1592.07
1184.39
1349.70
916.44
1822.15
1207.39
1632.55
1088.53
2123.83
1832.88
1255.47
1929.27
1228.66
1738.65
1541.50
1216.01
1446.81
1614.65
1358.52
722.22
1606.31
1412.63
922.62
2060.01
1291.91
1798.30
935.94
1465.64
1127.36
1911.99
1538.04
1872.64
1607.10
1692.86
1750.91
1020.38
1619.27
821.08
1432.95
1065.35
1233.84
1178.39
1969.70
1816.08
1517.88
1191.42
934.31
1588.89
2077.41
1792.56
661.26
1260.19
1158.19
1584.22
1496.47
1628.03
1578.28
1491.14
282.33
1514.15
1729.49
1393.25
1587.33
932.88
1893.17
1803.07
902.04
501.31
2092.11
1238.40
1751.11
1732.45
1239.03
1948.56
1187.20
1727.39
1790.95
554.68
1292.02
321.97
1703.63
863.34
950.91
1851.93
1866.82
772.05
1445.40
1552.65
1952.55
1790.66
360.27
1580.83
1138.59
1883.51
1347.57
1949.63
1997.43
1985.37
1480.83
1819.40
1179.96
1460.55
651.38
1727.86
1511.71
972.05
1057.74
1704.99
1163.41
1750.94
468.40
1744.91
1722.39
966.26
1118.76
765.32
1578.13
1226.38
1132.04
1300.93
994.95
1534.86
1512.48
1142.30
1296.71
1606.35
1389.19
1523.66
1318.83
1783.97
1815.15
1054.71
1220.43
1054.29
1582.95
842.72
692.56
1312.43
838.67
1885.79
1297.12
921.76
1817.39
1092.87
1876.71
1294.14
1278.88
1349.42
752.95
1275.24
1264.64
1415.75
1839.77
822.06
1293.02
1394.64
1723.01
605.56
1449.60
1403.71
927.40
1936.44
1816.73
1157.69
1355.92
1390.16
1691.05
1702.74
1378.37
1317.58
809.03
2045.83
1249.01
1978.44
990.80
983.66
1954.13
1337.30
1516.86
1200.79
1601.82
1517.87
1317.61
1274.39
864.04
1369.63
1368.37
1310.29
1461.58
812.73
1461.84
1078.05
1378.25
1395.08
1659.93
1954.56
1635.08
1292.41
1955.15
937.93
1569.11
1129.98
1733.24
1150.37
1214.06
1564.36
1644.19
1669.86
800.24
1221.24
2071.63
1743.10
1682.48
1246.72
1931.51
1729.49
2032.56
1566.33
1518.13
1601.18
1834.42
1447.58
1171.55
1443.33
1491.92
1358.89
660.74
1122.78
1829.07
1203.31
1635.34
1909.79
1786.67
1545.18
883.71
1557.52
1845.13
386.19
1470.83
1355.37
1583.06
1571.94
1037.15
1411.90
730.11
592.66
1285.70
1848.15
1944.55
1874.84
1781.20
1407.04
1679.45
1707.62
1860.42
899.65
1729.49
601.43
927.45
997.21
1446.01
1025.14
1592.67
1146.47
1612.64
1638.86
1864.16
1475.03
1450.49
1707.11
1304.68
1651.41
1942.66
1689.30
1119.50
1261.56
1742.54
1330.35
1391.75
859.89
917.39
1524.14
1753.81
1004.35
818.77
1147.06
1700.72
1422.49
1325.73
936.71
1780.09
1542.50
1590.96
1677.89
1400.36
1288.61
738.22
1293.18
898.86
858.17
1815.08
1955.28
1300.25
1955.28
847.49
1221.28
1042.76
911.47
1102.18
1293.46
1548.47
1514.81
893.59
1507.31
1800.56
1461.21
1269.68
1706.43
1620.16
1918.16
1235.13
968.32
1354.84
1766.32
1274.24
1241.94
1569.03
1166.12
439.96
1694.87
1637.58
838.49
1226.51
1209.73
907.38
1647.75
1533.98
1266.34
1102.33
1689.53
1679.39
1718.87
1844.68
1458.98
1393.51
1730.70
1753.95
1669.81
1966.83
1812.72
1638.88
1739.03
1237.23
1456.17
1312.27
1195.94
1749.53
1356.50
1303.42
1670.52
665.76
1807.21
1106.43
1018.35
976.57
1946.68
1593.20
1504.58
1680.31
1410.99
1527.98
838.08
1442.73
942.45
1481.35
1706.45
1033.79
1449.01
1487.34
1077.40
1304.39
856.67
1521.05
1821.05
955.00
1225.28
806.13
1532.64
632.06
1066.43
825.34
1405.74
1612.91
2053.76
2023.31
1364.51
1882.16
811.23
943.46
1872.56
1564.49
1406.17
1436.69
1526.14
1191.04
1921.29
1702.72
1058.31
2100.55
2100.58
1995.12
1679.39
1539.94
824.60
1546.55
1179.12
1507.15
1548.27
951.05
489.41
1947.82
1323.51
848.13
1497.17
1675.57
1249.50
1636.94
1942.66
964.26
856.36
1337.42
1743.22
710.63
647.91
573.97
1793.25
1686.99
1473.77
1829.57
1287.42
1956.07
1620.35
1353.06
1567.60
1948.48
1619.36
1274.06
1564.33
852.73
710.06
1527.42
1599.70
1698.98
1590.89
1001.80
1822.00
1814.43
1765.75
1918.16
1684.63
1721.44
1425.90
2143.53
1767.72
1225.75
805.61
800.82
1743.21
1174.77
1639.89
1704.17
1516.72
1179.91
1420.79
1359.59
1503.50
841.11
1165.33
1806.55
795.88
1709.30
1069.49
1663.16
1494.22
1150.56
936.42
1518.88
1434.53
1531.71
1517.14
1314.81
1702.32
1173.09
1512.90
1424.14
1779.80
1013.88
1781.75
1671.97
1650.86
583.14
586.41
1817.00
1138.17
826.82
1589.08
1024.44
1660.10
1735.87
1637.29
1790.97
1761.13
1532.88
1862.64
1814.43
1295.02
1457.86
1507.55
1592.03
1178.57
1152.11
1527.13
1318.25
1214.97
1537.55
1670.33
1274.38
1516.56
1724.86
620.07
733.90
1753.28
1493.11
1448.90
1762.69
1584.57
1191.86
1059.29
1693.60
1375.35
992.34
1865.61
1466.50
1830.37
1503.12
1695.67
1258.55
1473.87
1699.91
1739.31
2137.17
1039.96
646.48
1366.63
1405.95
832.33
769.28
1773.41
1182.74
1809.03
1105.74
1738.17
1816.61
1673.51
861.19
1500.68
1682.39
1143.23
709.31
603.10
1191.86
1826.56
1703.28
737.42
1251.49
1515.64
1707.11
1551.50
1943.56
2007.82
1814.43
1538.56
1975.05
933.78
1182.02
400.56
1732.45
1550.01
1292.74
1530.74
1618.24
2112.06
1847.64
1768.34
1458.31
1430.46
1522.59
1647.45
1991.14
1949.03
1440.28
811.25
1722.34
1397.08
1316.18
1394.13
1444.18
1860.14
1154.92
945.14
1360.00
400.51
1555.20
1540.89
1620.10
1462.18
1263.10
1157.49
1254.85
1045.31
600.86
1579.11
850.83
1611.67
989.37
1878.86
962.99
1984.21
1818.67
1706.37
1644.44
1893.15
1348.52
1817.34
474.35
1330.33
2109.04
956.00
1342.35
1431.01
1582.72
521.42
1480.83
1486.27
1318.71
1840.62
1851.85
322.46
1539.73
452.27
1636.34
1467.41
1638.70
1463.91
1746.02
1942.53
577.41
253.19
1197.74
1118.85
1166.06
1388.29
874.28
1747.79
850.45
1803.44
1548.33
789.31
801.35
1179.64
1669.50
1810.97
803.25
1645.83
1601.91
1145.74
468.41
771.22
1511.15
1309.32
1038.15
1447.17
853.26
1631.31
636.20
1287.49
1686.45
1613.79
1903.75
1700.76
1501.90
894.63
1733.40
777.17
1537.82
1172.84
1638.55
1301.52
1228.32
1505.10
1510.60
1506.99
1466.42
1874.10
1779.09
1802.01
834.72
1806.82
1341.10
1486.05
1946.68
1633.35
1737.62
879.23
1257.36
1302.56
1851.06
1431.52
1893.01
1741.81
759.84
1582.63
1687.93
1851.61
1071.52
1025.32
846.49
1474.26
2094.47
1198.56
1758.84
1513.62
1287.22
730.10
1714.74
840.09
1518.24
501.50
1100.51
1189.41
1269.28
1880.53
2018.10
993.86
1631.64
884.38
682.18
1340.68
1115.46
718.53
1544.15
1746.48
1210.52
1523.10
1186.48
1221.55
1529.69
1555.15
1219.50
1303.46
1365.11
431.31
733.82
1583.11
1207.75
1164.84
1091.24
1289.73
1196.83
863.33
1753.97
813.94
869.28
1435.25
1607.30
1618.64
1240.65
1583.63
1697.94
1721.22
1466.33
1872.76
1376.14
1595.74
1789.91
1034.19
1735.23
1467.01
1771.15
1441.66
1310.43
1712.40
1394.46
1832.33
1942.81
1865.59
1836.01
1683.82
1249.42
1565.59
1724.88
1357.52
1428.70
909.72
1660.86
2002.96
1826.79
1942.33
1359.59
1083.99
1422.20
1617.72
1564.64
1725.97
693.49
1446.84
486.01
1353.18
1988.78
1514.72
1566.03
997.33
896.07
1649.55
1416.58
1243.79
1489.63
1414.14
1892.52
1663.59
673.41
1215.00
1749.06
1281.35
1238.52
1528.44
1604.39
984.34
683.67
491.77
1791.65
913.84
1728.32
1835.27
1582.53
1488.17
1924.83
869.92
1294.16
1505.10
1366.26
1293.81
702.40
1849.72
1613.79
1474.88
521.71
1277.87
1560.25
1592.15
966.26
1900.58
867.45
811.62
1411.28
1282.66
1811.47
1341.54
1176.34
1934.20
1987.11
1794.31
1358.41
1083.25
638.39
1773.90
1480.65
1699.39
416.19
1788.26
1704.45
1698.59
1556.87
1814.21
885.41
661.90
1767.86
1707.11
1660.91
1426.52
1221.60
1473.31
1078.46
822.35
1943.32
1064.62
1347.59
1472.24
1064.82
1145.58
1609.76
1930.40
1435.07
694.22
1463.45
1037.17
1647.75
1527.60
1212.52
1740.22
1470.83
1631.26
1939.99
1627.90
1026.09
1415.62
2115.12
1301.71
1601.11
1624.22
1091.56
1292.72
1465.72
1114.61
1606.26
780.30
1441.61
1039.97
1203.95
1574.11
714.87
1383.93
1956.10
814.61
2040.03
889.03
1175.44
1003.23
1659.56
1759.17
1376.18
1514.79
1228.00
1021.03
804.11
1836.32
1211.72
1822.11
1708.80
1701.59
1140.39
1572.16
1427.32
1859.75
1203.92
1332.80
1701.09
735.84
1844.78
1822.24
1817.75
1782.80
1805.78
1083.06
1741.81
234.04
1435.18
1142.09
1387.88
862.05
2093.91
1342.13
1420.47
894.87
1902.60
946.26
177.61
878.98
962.57
1918.64
1953.47
1771.31
1662.05
1904.16
1241.17
1574.07
1001.72
1274.12
1522.12
985.64
930.24
1737.55
1123.24
718.72
1451.95
1702.43
1310.84
1668.10
1883.41
974.01
1953.47
1644.68
1547.46
1679.42
1214.15
1163.18
706.43
1068.17
518.15
1636.74
1676.87
1652.57
1489.94
1164.88
1296.22
1316.22
608.45
1791.43
1756.80
1509.80
1834.12
1540.50
1349.46
2022.83
821.25
1323.67
853.59
1675.60
1358.79
1032.21
1197.31
1803.44
1744.63
1599.97
1425.58
829.78
2007.07
1037.51
1412.63
1502.86
1242.03
1480.27
1320.12
1452.31
1103.51
938.01
2001.59
1548.51
722.44
1806.82
1340.53
1638.36
589.89
1798.64
1495.91
518.61
1259.26
1458.95
445.50
1430.98
1260.65
1439.60
1658.00
1499.05
1184.91
1725.31
2136.22
643.94
1566.08
693.06
1647.51
1421.16
1245.27
1990.79
1645.60
1785.69
1503.98
1390.55
1901.74
1090.79
1753.99
1436.69
1356.71
1219.06
1759.08
445.18
1054.16
980.58
906.34
1748.41
788.90
1068.18
1862.64
1487.57
1211.56
311.98
1341.45
1082.32
1039.00
1138.66
833.12
1645.24
1658.52
1850.35
1443.84
1716.37
902.00
1546.76
1753.97
1600.05
1522.12
2151.71
1204.92
1517.28
1429.50
1261.77
2057.50
1813.51
1530.68
1006.62
1778.13
870.29
1466.68
844.08
1794.45
1502.06
1202.70
1597.96
1560.54
2062.95
1626.08
251.86
1591.20
1693.15
1365.50
966.00
1390.40
1495.79
998.89
981.37
1848.34
1628.29
1557.04
1988.85
1955.80
1562.46
1330.38
1602.89
1640.38
1371.37
341.75
1626.08
1805.78
1297.16
1261.72
1738.81
647.83
572.14
689.62
1826.69
1203.99
